0.588038
0.567926
0.564825
0.562653
0.563032
0.556955
0.547979
0.531480
0.526107
0.523304
0.517331
0.506272
0.496129
0.484231
0.476556
0.466301
0.460549
0.455483
0.454339
0.445875
0.439548
0.438182
0.435194
0.430213
0.427604
0.427482
0.423217
0.418474
0.420094
0.415909
0.417148
0.413907
0.412421
0.408234
0.409962
0.406184
0.401821
0.402901
0.402909
0.402591
0.399784
0.395483
0.397848
0.395338
0.392973
0.392891
0.389750
0.390000
0.387922
0.386983
0.383603
0.382078
0.382877
0.379057
0.379342
0.379567
0.379742
0.376798
0.374809
0.373420
0.370889
0.370373
0.371997
0.370292
0.366918
0.363792
0.363692
0.365211
0.360691
0.359962
0.359430
0.359732
0.358446
0.361098
0.357461
0.356151
0.356326
0.356179
0.351062
0.353996
0.351093
0.349726
0.349075
0.345725
0.347968
0.347787
0.343923
0.345818
0.344507
0.341350
0.341823
0.340389
0.339225
0.338976
0.341548
0.337276
0.337871
0.338084
0.333908
0.338839
0.332643
0.334012
0.335533
0.333187
0.334209
0.333604
0.327783
0.329738
0.332640
0.328961
0.326261
0.324952
0.327945
0.328789
0.323436
0.326814
0.323058
0.321656
0.321485
0.322258
0.322237
0.322955
0.322156
0.319488
0.320330
0.319791
0.315704
0.317699
0.319708
0.317391
0.315241
0.316604
0.314971
0.319852
0.315038
0.311308
0.312825
0.310674
0.309308
0.311590
0.306450
0.308272
0.308221
0.307998
0.305675
0.304248
0.310132
0.301257
0.303316
0.304672
0.305048
0.298486
0.300311
0.307526
0.300661
0.298347
0.298832
0.299100
0.298560
0.300187
0.298777
0.298849
0.298546
0.296446
0.293115
0.293729
0.296729
0.291452
0.292828
0.293514
0.293684
0.292451
0.292040
0.289385
0.288776
0.289389
0.289897
0.288599
0.283567
0.284336
0.285584
0.283763
0.284161
0.285773
0.285906
0.283704
0.285370
0.279036
0.282155
0.279653
0.282970
0.281573
0.278871
0.280705
0.282311
0.280405
0.278895
0.276941
0.279735
0.278130
0.274441
0.272374
0.278532
0.274482
0.275874
0.272183
0.274040
0.270626
0.269884
0.271650
0.272156
0.267081
0.268993
0.263391
0.268448
0.266114
0.272822
0.270179
0.265808
0.262445
0.266635
0.261978
0.261433
0.259640
0.264892
0.262537
0.263077
0.257461
0.259629
0.259818
0.258034
0.261807
0.257865
0.257395
0.253917
0.257714
0.256460
0.254666
0.248395
0.255840
0.257676
0.250995
0.257150
0.249589
0.251596
0.248453
0.250942
0.247229
0.245641
0.249462
0.247001
0.246793
0.247335
0.254030
0.247158
0.242652
0.247274
0.239863
0.245651
0.246356
0.240092
0.241510
0.240608
0.243147
0.238756
0.236160
0.236366
0.238235
0.239227
0.236529
0.237810
0.235433
0.238091
0.232325
0.237110
0.235171
0.233795
0.232667
0.232645
0.232140
0.233473
0.233507
0.230524
0.231795
0.228540
0.227919
0.229853
0.227576
0.228013
0.224707
0.223302
0.227438
0.223217
0.224901
0.222116
0.225066
0.221889
0.223472
0.221723
0.225546
0.219203
0.216108
0.219184
0.223511
0.221279
0.217920
0.216192
0.215852
0.212334
0.215529
0.214594
0.214563
0.214368
0.214905
0.215460
0.212622
0.214311
0.208183
0.210325
0.210460
0.212363
0.207129
0.210131
0.208931
0.212189
0.207158
0.209650
0.206347
0.208779
0.205923
0.206248
0.207341
0.204845
0.202949
0.207558
0.202254
0.200485
0.200526
0.200474
0.200129
0.203829
0.201567
0.200303
0.201558
0.200910
0.194147
0.198844
0.193505
0.200321
0.196856
0.197636
0.196639
0.196422
0.191731
0.190568
0.195709
0.187872
0.190964
0.192574
0.188825
0.188188
0.190124
0.189732
0.188524
0.193360
0.183626
0.186280
0.187955
0.185203
0.183714
0.184955
0.189202
0.183721
0.187811
0.185133
0.183241
0.180968
0.179323
0.184366
0.179509
0.177594
0.177832
0.180830
0.176412
0.182285
0.175843
0.178170
0.179593
0.176870
0.178601
0.174762
0.173154
0.180953
0.177819
0.175744
0.172369
0.173544
0.172800
0.175289
0.173648
0.179253
0.174767
0.169759
0.168088
0.168406
0.170345
0.169837
0.166008
0.165587
0.171756
0.168937
0.166527
0.165521
0.164172
0.167535
0.168306
0.163560
0.168056
0.171915
0.163570
0.166205
0.160681
0.160935
0.165198
0.165366
0.162471
0.161347
0.160879
0.156176
0.155121
0.163734
0.157565
0.161466
0.153836
0.158215
0.165962
0.157558
0.154778
0.154784
0.159274
0.157675
0.154846
0.156966
0.156163
0.155758
0.150790
0.157975
0.150749
0.156646
0.148908
0.151681
0.147152
0.152013
0.154920
0.150149
0.152902
0.159864
0.152491
0.147582
0.146468
0.149990
0.144994
0.148441
0.145363
0.145060
0.149144
0.151033
0.147129
0.145451
0.149787
0.142416
0.146531
0.140138
0.144868
0.144575
0.142644
0.143594
0.141948
0.145658
0.139353
0.142907
0.144035
0.140315
0.144927
0.136566
0.143206
0.141477
0.145145
0.138588
0.136166
0.137190
0.144935
0.134742
0.139556
0.140143
0.136477
0.139408
0.137376
0.133408
0.136224
0.136098
0.132420
0.133231
0.134365
0.133631
0.131904
0.134106
0.133919
0.130887
0.135419
0.129458
0.129528
0.128952
0.133693
0.131640
0.128116
0.127577
0.131356
0.132535
0.130140
0.126145
0.128503
0.127393
0.125913
0.132741
0.128967
0.125412
0.129592
0.126465
0.127524
0.126139
0.125799
0.125591
0.121437
0.125086
0.127276
0.123732
0.127614
0.126367
0.125969
0.122088
0.120284
0.122059
0.125400
0.126341
0.118722
0.125044
0.119954
0.122566
0.122111
0.122263
0.118995
0.119490
0.117057
0.111476
0.121057
0.117273
0.120680
0.120972
0.121230
0.115309
0.116888
0.127368
0.120713
0.117963
0.115302
0.120695
0.116348
0.120176
0.121141
0.120583
0.115573
0.114262
0.119227
0.114070
0.114588
0.118208
0.117267
0.109279
0.116590
0.113904
0.110845
0.114507
0.118956
0.111403
0.115285
0.111737
0.113510
0.118642
0.120855
0.107690
0.111450
0.113538
0.111380
0.112314
0.114418
0.113585
0.112113
0.114822
0.111701
0.116251
0.105577
0.106826
0.113228
0.110792
0.107994
0.113350
0.111722
0.106014
0.111369
0.105548
0.110255
0.111413
0.106690
0.109711
0.106951
0.106218
0.106194
0.103424
0.102937
0.103729
0.106953
0.107907
0.108968
0.103724
0.106301
0.101860
0.105307
0.106467
0.109440
0.103324
0.105689
0.104805
0.102609
0.097226
0.101303
0.107463
0.102196
0.101810
0.103863
0.108237
0.103717
0.097395
0.098903
0.105953
0.099296
0.103553
0.097528
0.098696
0.095801
0.097645
0.099039
0.097739
0.101660
0.102870
0.100042
0.099269
0.094693
0.099432
0.099287
0.099009
0.097302
0.101794
0.094718
0.100243
0.096025
0.094804
0.099170
0.098579
0.098435
0.099391
0.098348
0.097316
0.092011
0.098318
0.098872
0.098750
0.099750
0.099438
0.099989
0.094302
0.095550
0.100790
0.092719
0.095787
0.094485
0.091605
0.094560
0.098487
0.098080
0.091623
0.091927
0.095154
0.093736
0.088320
0.093962
0.097314
