0.588038
0.567926
0.564825
0.562653
0.563032
0.556955
0.547979
0.531480
0.526107
0.523304
0.517331
0.506272
0.496129
0.484231
0.476556
0.466301
0.460549
0.455483
0.454339
0.445875
0.439548
0.438182
0.435194
0.430213
0.427604
0.427482
0.423217
0.418474
0.420094
0.415909
0.417148
0.413907
0.412421
0.408234
0.409962
0.406184
0.401821
0.402901
0.402909
0.402591
0.399784
0.395483
0.397848
0.395338
0.392973
0.392891
0.389750
0.390000
0.387922
0.386983
0.383603
0.382078
0.382877
0.379057
0.379342
0.379567
0.379742
0.376798
0.374809
0.373420
0.370889
0.370373
0.371997
0.370292
0.366918
0.363792
0.363692
0.365211
0.360691
0.359962
0.359430
0.359732
0.358446
0.361098
0.357461
0.356151
0.356326
0.356179
0.351062
0.353996
0.351093
0.349726
0.349075
0.345725
0.347968
