0.062240
0.059751
0.059319
0.059285
0.059326
0.058690
0.058349
0.058350
0.058456
0.058372
0.058093
0.057820
0.058003
0.057446
0.057411
0.057696
0.057389
0.057136
0.057235
0.057286
0.056898
0.056646
0.056293
0.056704
0.056384
0.055761
0.056029
0.055469
0.056049
0.055077
0.055418
0.055569
0.055561
0.055297
0.055362
0.055044
0.054807
0.055068
0.054841
0.054981
0.054769
0.054853
0.054668
0.054295
0.054585
0.054229
0.054572
0.053719
0.054128
0.053880
0.054061
0.054183
0.054177
0.053898
0.053517
0.053722
0.053741
0.053651
0.053950
0.053780
0.053658
0.053316
0.054002
0.053248
0.053181
0.053413
0.053105
0.053639
0.053006
0.053112
0.052583
0.053300
0.053357
0.052674
0.052954
0.053006
0.052965
0.053023
0.052187
0.052550
0.052510
0.052427
0.052736
0.052593
0.052726
0.052399
0.052939
0.052627
0.052684
0.052979
0.052671
0.052330
0.052289
0.052528
0.052031
0.052080
0.052327
0.052096
0.052130
0.052362
0.052329
0.051997
0.051895
0.051863
0.052197
0.052132
0.052034
0.051893
0.051480
0.052206
0.051648
0.052013
0.051854
0.052027
0.051988
0.052128
0.051587
0.052030
0.051108
0.051974
0.051800
0.051592
0.051345
0.051653
0.051312
0.052037
0.051554
0.051761
0.051065
0.051127
0.051442
0.051377
0.051219
0.051192
0.051418
0.051478
0.051443
0.051215
0.051499
0.051745
0.051343
0.050937
0.050840
0.051448
0.050968
0.051377
0.051294
0.050728
0.050845
0.051222
0.050755
0.051244
0.050690
0.050741
0.051012
0.050330
0.051406
0.051045
0.050805
0.050570
0.050592
0.050336
0.050147
0.051060
0.051150
0.050767
0.050941
0.050770
0.050081
0.050317
0.050502
0.050355
0.050477
0.050050
0.050441
0.050232
0.050126
0.050434
0.050313
0.050348
0.050314
0.049983
0.050706
0.050011
0.050148
0.050048
0.050245
0.050059
0.050341
0.049717
0.050187
0.050361
0.049875
0.050503
0.050118
0.050204
0.049758
0.049882
0.050113
0.049531
0.050260
0.050339
0.049623
0.049448
0.049851
0.049726
0.050204
0.050008
0.049745
0.049607
0.049905
0.049341
0.049803
0.049558
0.049385
0.050236
0.049832
0.049915
0.049657
0.049389
0.049785
0.049361
0.049185
0.049435
0.050047
0.049473
0.049433
0.049697
0.049996
0.049213
0.049550
0.049412
0.049604
0.049612
0.049927
0.049227
0.049242
0.049319
0.048951
0.049062
0.048905
0.049427
0.049303
0.049204
0.048878
0.049232
0.048947
0.049236
0.048723
0.048800
0.049190
0.049270
0.049115
0.048992
0.049145
0.049624
0.049149
0.049081
0.048879
0.049323
0.048795
0.048943
0.049052
0.049204
0.048588
0.048821
0.048619
0.048842
0.049066
0.048542
0.048717
0.048605
0.049161
0.048886
0.048835
0.048546
0.049138
0.048541
0.049170
0.048180
0.048663
0.048386
0.048656
0.048834
0.048838
0.048457
0.048687
0.048600
0.048407
0.048730
0.048871
0.048441
0.048446
0.048777
0.048775
0.048355
0.048529
0.048146
0.048252
0.048490
0.048178
0.048090
0.048614
0.048582
0.048150
0.047760
0.048490
0.048465
0.048203
0.048780
0.048254
0.048625
0.048589
0.048343
0.048093
0.048198
0.048357
0.048467
0.048551
0.048382
0.048350
0.048384
0.048358
0.048574
0.048183
0.048543
0.047984
0.048280
0.048388
0.048146
0.047993
0.048159
0.048374
0.048550
0.048141
0.048329
0.047852
0.048442
0.048079
0.047773
0.048399
0.047736
0.048048
0.047611
0.047999
0.047910
0.048038
0.048064
0.048060
0.048061
0.047669
0.047817
0.048066
0.047865
0.047912
0.047914
