0.181306
0.175277
0.174586
0.171245
0.170432
0.170362
0.169763
0.169149
0.168614
0.168592
0.168638
0.168139
0.169131
0.167941
0.167445
0.167939
0.167541
0.166691
0.166262
0.165555
0.166345
0.166952
0.165841
0.165095
0.165244
0.165655
0.165753
0.165875
0.164921
0.165475
0.164499
0.164716
0.164624
0.164048
0.163806
0.163246
0.163786
0.164081
0.164086
0.163169
0.163545
0.162648
0.162366
0.162450
0.162460
0.162299
0.161802
0.161455
0.161619
0.161631
0.161733
0.161367
0.161508
0.160327
0.161591
0.160694
0.160866
0.160328
0.160525
0.160009
0.158839
0.159114
0.158755
0.159505
0.159840
0.158416
0.159386
0.158176
0.157445
0.156778
0.157424
0.156444
0.157217
0.156630
0.157609
0.156416
0.156096
0.155463
0.156080
0.155972
0.155484
0.155101
0.155996
0.155375
0.154753
0.153929
0.154956
0.153980
0.154869
0.153898
0.154355
0.153873
0.152933
0.153681
0.153800
0.153410
0.152836
0.153416
0.153356
0.152827
0.153094
0.152897
0.154483
0.152934
0.152641
0.152362
0.152416
0.151424
0.152687
0.152189
0.151660
0.152605
0.151704
0.152530
0.151813
0.151600
0.151421
0.151158
0.151824
0.151934
0.151711
0.151522
0.151176
0.152064
0.151254
0.150934
0.151432
0.151111
0.150569
0.150524
0.150527
0.151460
0.150831
0.150782
0.151266
0.150659
0.151533
0.149997
0.151329
0.149486
0.149759
0.149651
0.150392
0.150576
0.149034
0.150392
0.149808
0.149692
0.150173
0.149684
0.149900
0.149803
0.149900
0.150172
0.150665
0.150039
0.149931
0.148630
0.149328
0.149176
0.149318
0.148524
0.150528
0.149336
0.149128
0.148947
0.148884
0.149794
0.148626
0.148304
0.148412
0.148772
0.148021
0.148942
0.148134
0.147620
0.149630
0.148598
0.149196
0.148154
0.148927
0.148823
0.148375
0.148587
0.147983
0.148129
0.149577
0.148154
0.147709
0.148539
0.148693
0.147020
0.148730
0.148780
0.147446
0.147654
0.148031
0.147258
0.147803
0.148028
0.147823
0.146551
0.147399
0.147007
0.147125
0.146650
0.146667
0.148294
0.146983
0.146832
0.147118
0.146826
0.146562
0.146834
0.145784
0.146830
0.146948
0.146815
0.146128
0.146480
0.145720
0.145961
0.146416
0.146037
0.146907
0.146315
0.145581
0.146597
0.146313
0.145662
0.145509
0.147409
0.146942
0.146632
0.145732
0.145983
0.146304
0.145237
0.145520
0.145190
0.146010
0.145479
0.145769
0.146173
0.145283
0.145236
0.144229
0.145291
0.146533
0.144846
0.145841
0.145169
0.145289
0.144535
0.144971
0.146280
0.144122
0.145795
0.145447
0.145145
0.146086
0.144524
0.145619
0.145465
0.144058
0.143607
0.144353
0.145262
0.145130
0.145671
0.143278
0.145497
0.144242
0.144605
0.145086
0.144941
0.143649
0.143619
0.144121
0.144839
0.145387
0.143994
0.144346
0.143800
0.145367
0.143777
0.144232
0.144570
0.143624
0.143508
0.144335
0.143302
0.143411
0.144387
0.142914
0.142703
0.143372
0.144458
0.143009
0.143614
0.144087
0.143778
0.143444
0.143736
0.143340
0.142663
0.143398
0.142625
0.144045
0.143141
0.143905
0.142656
0.143044
0.144302
0.141772
0.144102
0.144367
0.143496
0.143414
0.143042
0.142316
0.143462
0.142308
0.141838
0.141747
0.142458
0.142381
0.143457
0.143015
0.143849
0.142091
0.143813
0.141529
0.142171
0.141900
0.141876
0.141930
0.141198
0.141256
0.142585
0.141769
0.143019
