2.092635
2.022160
1.970214
1.952998
1.960178
1.960212
2.030754
2.020524
2.008460
2.008486
2.005978
1.999920
2.003513
1.998874
1.997866
1.997388
1.998571
1.993680
1.987915
1.975130
1.986189
1.983351
1.977635
1.983399
1.974704
1.973091
1.976438
1.968985
1.957352
1.960523
1.964117
1.957431
1.955947
1.957582
1.951819
1.956094
1.952958
1.953428
1.946935
1.948750
1.940820
1.943528
1.940090
1.940090
1.937164
1.939692
1.937658
1.930858
1.928481
1.932430
1.924521
1.920411
1.924763
1.925815
1.921566
1.919562
1.922391
1.910473
1.919634
1.905791
1.909525
1.917000
1.912782
1.907914
1.912702
1.907764
1.912947
1.898270
1.910156
1.909709
1.905162
1.903651
1.910446
1.901751
1.894216
1.899027
1.898863
1.899815
1.898043
1.896623
1.902296
1.896493
1.896087
1.893715
1.890295
1.895828
1.902301
1.894515
1.892864
1.887120
1.891217
1.885721
1.897254
1.897361
1.894228
1.894943
1.885796
1.888897
1.870560
1.888738
1.884608
1.887432
1.877301
1.874855
1.878725
1.881981
1.881710
1.878558
1.877945
1.888446
1.878817
1.887014
1.881626
1.875928
1.879709
1.879234
1.881614
1.875752
1.873118
1.873725
1.872190
1.873825
1.877389
1.864063
1.882677
1.869883
1.882659
1.867777
1.869321
1.868159
1.869258
1.866333
1.867558
1.866889
1.867808
1.868293
1.866550
1.862854
1.867739
1.861965
1.856857
1.866831
1.861761
1.859020
1.867455
1.865398
1.866458
1.852874
1.863424
1.856265
1.852629
1.866592
1.862448
1.856511
1.866086
1.863893
1.860514
1.854253
1.855626
1.858661
1.859820
1.859165
1.849219
1.846151
1.854238
1.855771
1.852222
1.857108
1.842871
1.855563
1.849741
1.849074
1.856578
1.846904
1.850544
1.849915
1.853148
1.852815
1.846609
1.844637
1.847897
1.838936
1.850001
1.842495
1.845074
1.846562
1.845311
1.844539
1.838168
1.852733
1.842767
1.839809
1.841378
1.841751
1.849870
1.832201
1.840701
1.845437
1.840558
1.851103
1.845318
1.842072
1.836295
1.837104
1.839671
1.841449
1.833085
1.844208
1.834533
1.834739
1.842567
1.828072
1.833193
1.826349
1.844565
1.840806
1.836688
1.819981
1.836332
1.830919
1.840056
1.829504
1.837082
1.838254
1.833413
1.838891
1.833908
1.839346
1.833438
1.827636
1.826146
1.824175
1.828710
1.828794
1.822221
1.831538
1.827260
1.831469
1.830012
1.824458
1.824337
1.833639
1.825193
1.835541
1.829387
1.819623
1.825609
1.828832
1.820922
1.826588
1.818659
1.823701
1.824702
1.823313
1.828882
1.822009
1.826572
1.824734
1.834859
1.830081
1.831120
1.819989
1.820194
1.818116
1.827292
1.823527
1.820693
1.818125
1.817708
1.817515
1.824826
1.828556
1.811813
1.829376
1.815456
1.820804
1.818652
1.818601
1.814613
1.821870
1.817440
1.816552
1.825476
1.805841
1.809729
1.816949
1.810623
1.814632
1.818700
1.818693
1.813220
1.813337
1.818560
1.810757
1.813050
1.809991
1.815389
1.806094
1.805866
1.823245
1.827066
1.815419
1.812378
1.815532
1.803575
1.809072
1.809174
1.805438
1.809973
1.816691
1.801419
1.800334
1.810524
1.816384
1.804283
1.815121
1.808563
1.804698
1.805249
1.807889
1.796088
1.803788
1.802411
1.801207
1.800375
1.806621
